3,869,271,121,31
3,1128,264,120,30
